128.133318626444
87.6324081611464
72.0002315395441
68.2790009863183
61.9998407254957
53.6895775298945
50.6818963580729
49.9347924765547
49.2758392134145
47.6569805317262
46.8423815433753
45.3778133026592
43.1575869101543
43.0742652104380
42.6047702443179
41.2705469608080
41.1049466376981
37.8075048589807
37.2875419333403
36.9217064736641
36.2357125185123
35.5041982948638
34.7793879040267
34.1615096888384
33.6783011696611
32.9829397073237
32.4992879802883
32.3642019199075
32.1653727351822
31.4950750186473
31.3210585078481
31.1435432936488
31.0606599566291
30.8564389919733
30.5855252837806
30.1702960550644
30.0382415184020
29.7431669734731
29.4964163544742
29.3001407238101
29.1701639396357
28.8717623776400
28.4804746784509
28.2449352640688
28.2395317892378
27.9593392766941
27.8747227829522
27.7560289018616
27.5268224153869
27.4953754383968
27.4205147629158
27.1676043946709
26.9395376002741
26.8673155628708
26.7386417627364
26.6635666771796
26.6205350521741
26.4774770712029
26.3936209310521
26.2323291854660
26.1729455550835
26.1055142620757
25.9854846763914
25.9694641352558
25.8551995542618
25.7169846998872
25.6924497520211
25.5663807994258
25.4853259632373
25.4325358110564
25.3690968303146
25.3023699932864
25.2655744368801
25.2018282724727
25.1530801861460
25.1140675488793
25.0357747621016
25.0153606685993
24.9308405888960
24.8578514111301
24.8223219376438
24.7634858093418
24.7437018284177
24.6577891450640
24.5592294718514
24.4866941379344
24.4679713689504
24.4271200249985
24.4093646257382
24.3413660923166
24.2640304544003
24.2067556628321
24.1676219019957
24.1066337797598
24.0534408072404
24.0119342681053
23.9782672316398
23.9466699295674
23.9029284312167
23.8356778400961
23.8028482007662
